+-------+-------+-------+-------+-------+-------+-------+-------+-------+
|touple |   a   |   b   |   c   |   d   |   e   |   f   |   g   |   h   |
+-------+-------+-------+-------+-------+-------+-------+-------+-------+
|[00,00]|[03,00]|[00,04]|[00,00]|[00,00]|[ X, X]|[00,00]|[ X, X]|[00,00]|
+-------+-------+-------+-------+-------+-------+-------+-------+-------+
|[00,01]|[03,01]|[00,04]|[00,01]|[00,00]|[ X, X]|[00,01]|[ X, X]|[01,00]|
+-------+-------+-------+-------+-------+-------+-------+-------+-------+
|[00,02]|[03,02]|[00,04]|[00,02]|[00,00]|[ X, X]|[00,02]|[ X, X]|[02,00]|
+-------+-------+-------+-------+-------+-------+-------+-------+-------+
|[00,03]|[03,03]|[00,04]|[00,03]|[00,00]|[ X, X]|[00,03]|[03,00]|[ X, X]|
+-------+-------+-------+-------+-------+-------+-------+-------+-------+
|[00,04]|[03,04]|[00,04]|[00,04]|[00,00]|[00,04]|[ X, X]|[03,01]|[ X, X]|
+-------+-------+-------+-------+-------+-------+-------+-------+-------+
|[01,00]|[03,00]|[01,04]|[00,00]|[01,00]|[ X, X]|[00,01]|[ X, X]|[01,00]|
+-------+-------+-------+-------+-------+-------+-------+-------+-------+
|[01,01]|[03,01]|[01,04]|[00,01]|[01,00]|[ X, X]|[00,02]|[ X, X]|[02,00]|
+-------+-------+-------+-------+-------+-------+-------+-------+-------+
|[01,02]|[03,02]|[01,04]|[00,02]|[01,00]|[ X, X]|[00,03]|[03,00]|[ X, X]|
+-------+-------+-------+-------+-------+-------+-------+-------+-------+
|[01,03]|[03,03]|[01,04]|[00,03]|[01,00]|[00,04]|[ X, X]|[03,01]|[ X, X]|
+-------+-------+-------+-------+-------+-------+-------+-------+-------+
|[01,04]|[03,04]|[01,04]|[00,04]|[01,00]|[01,04]|[ X, X]|[03,02]|[ X, X]|
+-------+-------+-------+-------+-------+-------+-------+-------+-------+
|[02,00]|[03,00]|[02,04]|[00,00]|[02,00]|[ X, X]|[00,02]|[ X, X]|[02,00]|
+-------+-------+-------+-------+-------+-------+-------+-------+-------+
|[02,01]|[03,01]|[02,04]|[00,01]|[02,00]|[ X, X]|[00,03]|[03,00]|[ X, X]|
+-------+-------+-------+-------+-------+-------+-------+-------+-------+
|[02,02]|[03,02]|[02,04]|[00,02]|[02,00]|[00,04]|[ X, X]|[03,01]|[ X, X]|
+-------+-------+-------+-------+-------+-------+-------+-------+-------+
|[02,03]|[03,03]|[02,04]|[00,03]|[02,00]|[01,04]|[ X, X]|[03,02]|[ X, X]|
+-------+-------+-------+-------+-------+-------+-------+-------+-------+
|[02,04]|[03,04]|[02,04]|[00,04]|[02,00]|[02,04]|[ X, X]|[03,03]|[ X, X]|
+-------+-------+-------+-------+-------+-------+-------+-------+-------+
|[03,00]|[03,00]|[03,04]|[00,00]|[03,00]|[ X, X]|[00,03]|[03,00]|[ X, X]|
+-------+-------+-------+-------+-------+-------+-------+-------+-------+
|[03,01]|[03,01]|[03,04]|[00,01]|[03,00]|[00,04]|[ X, X]|[03,01]|[ X, X]|
+-------+-------+-------+-------+-------+-------+-------+-------+-------+
|[03,02]|[03,02]|[03,04]|[00,02]|[03,00]|[01,04]|[ X, X]|[03,02]|[ X, X]|
+-------+-------+-------+-------+-------+-------+-------+-------+-------+
|[03,03]|[03,03]|[03,04]|[00,03]|[03,00]|[02,04]|[ X, X]|[03,03]|[ X, X]|
+-------+-------+-------+-------+-------+-------+-------+-------+-------+
|[03,04]|[03,04]|[03,04]|[00,04]|[03,00]|[03,04]|[ X, X]|[03,04]|[ X, X]|
+-------+-------+-------+-------+-------+-------+-------+-------+-------+
